# See code diff: https://www.diffchecker.com/zSpPWQPG

neo@neodeb:bmi210$ python3 word2vec_classifier_lgr.py 
start training...
done training.
accuracy: 0.6330275229357798
[2 2 2 1 0 2 2 2 0 0 1 0 1 2 2 1 0 0 2 0 2 2 2 2 2 1 1 1 2 1 2 2 1 2 2 2 1
 2 2 1 1 0 2 2 2 0 1 0 1 0 2 1 1 1 2 2 2 0 1 2 1 2 2 2 2 2 1 2 2 0 0 2 0 2
 2 1 0 2 2 1 1 2 1 1 1 2 2 2 2 1 0 0 0 1 2 2 2 2 2 2 2 2 2 2 2 2 2 1 2 0 2
 2 0 1 1 1 2 1 0 1 0 0 2 2 1 1 2 2 1 2 2 1 2 2 2 0 1 2 2 2 2 1 1 2 0 1 2 1
 1 2 2 2 2 1 2 0 1 2 1 1 1 1 1 2 0 1 1 0 2 2 1 2 1 2 2 1 2 0 2 2 1 2 0 0 2
 2 2 2 2 1 0 2 1 2 2 1 2 2 2 2 2 1 1 2 1 1 2 2 1 2 2 2 1 2 1 0 2 1 1 0 2 1
 2 0 1 1 1 1 1 1 0 2 1 0 1 2 1 1 1 2 1 1 2 2 2 0 1 2 0 2 2 0 1 0 1 2 1 2 2
 2 1 0 2 1 1 2 2 2 1 2 2 2 2 2 1 2 2 2 1 0 2 2 1 2 2 1 2 2 1 2 1 2 2 2 1 1
 2 1 2 1 2 1 2 2 2 0 0 0 2 2 2 2 1 1 1 2 2 1 0 2 1 2 2 2 0 1 2 0 1 1 2 2 2
 1 1 2 0 2 1 1 1 2 2 2 2 2 1 2 2 1 2 2 1 0 2 1 1 0 1 2 1 1 1 0 1 2 0 1 1 0
 2 2 2 2 1 2 1 2 1 2 2 1 0 0 2 2 1 2 1 1 2 1 1 2 1 2 1 1 2 0 2 2 2 2 1 1 2
 1 0 2 1 2 2 1 1 2 2 0 1 2 1 2 1 2 0 2 1 2 1 1 0 2 2 0 2 1]
[2 2 2 1 0 2 2 2 0 0 2 0 2 2 2 2 1 0 2 1 2 2 2 1 2 1 2 2 2 1 2 2 2 1 2 2 2
 2 2 1 2 2 2 2 2 2 2 0 2 0 2 2 2 1 2 2 2 0 0 2 1 2 2 2 2 2 2 2 2 2 1 2 0 2
 2 2 1 2 2 1 2 2 1 2 2 1 2 2 2 2 0 0 0 0 2 2 2 2 1 2 2 2 2 2 2 2 2 2 2 1 2
 2 0 1 1 2 2 1 1 2 0 2 2 2 2 2 2 2 1 2 2 2 2 2 2 0 2 2 2 2 2 2 2 2 1 2 2 2
 2 2 2 2 2 2 2 0 1 2 2 1 2 1 2 2 2 2 2 0 1 2 2 2 2 1 2 2 2 0 2 2 1 2 0 0 2
 2 2 2 2 1 1 2 0 2 2 2 1 2 2 2 2 2 2 2 1 0 2 2 1 2 2 2 2 2 2 2 2 2 2 2 2 2
 2 2 2 1 2 2 2 2 2 2 1 2 2 2 2 2 1 2 1 1 2 2 1 1 1 2 1 2 2 2 2 0 2 2 2 2 2
 2 2 2 2 2 2 2 2 2 1 2 2 2 2 1 2 2 2 2 2 0 2 2 0 2 2 2 2 2 2 2 2 2 2 2 2 1
 2 2 2 2 2 2 2 2 2 0 0 2 2 2 2 2 2 2 2 2 2 0 2 2 1 2 2 2 0 2 2 2 2 2 2 2 2
 2 2 2 1 2 2 2 1 2 2 2 2 2 1 2 2 2 2 2 2 1 2 1 2 0 2 2 2 2 2 2 2 2 2 2 2 1
 2 2 2 2 2 2 2 2 2 2 2 2 0 0 2 2 1 2 2 1 2 2 2 2 1 2 2 2 2 0 2 2 2 2 1 2 2
 2 2 2 2 2 2 1 1 2 2 2 2 2 2 2 2 1 2 2 2 2 2 0 2 2 2 1 2 2]
neo@neodeb:bmi210$ python3 word2vec_classifier_knn.py
start training...
done training.
accuracy: 0.6100917431192661
[2 2 2 1 0 2 2 2 0 0 1 0 1 2 2 1 0 0 2 0 2 2 2 2 2 1 1 1 2 1 2 2 1 2 2 2 1
 2 2 1 1 0 2 2 2 0 1 0 1 0 2 1 1 1 2 2 2 0 1 2 1 2 2 2 2 2 1 2 2 0 0 2 0 2
 2 1 0 2 2 1 1 2 1 1 1 2 2 2 2 1 0 0 0 1 2 2 2 2 2 2 2 2 2 2 2 2 2 1 2 0 2
 2 0 1 1 1 2 1 0 1 0 0 2 2 1 1 2 2 1 2 2 1 2 2 2 0 1 2 2 2 2 1 1 2 0 1 2 1
 1 2 2 2 2 1 2 0 1 2 1 1 1 1 1 2 0 1 1 0 2 2 1 2 1 2 2 1 2 0 2 2 1 2 0 0 2
 2 2 2 2 1 0 2 1 2 2 1 2 2 2 2 2 1 1 2 1 1 2 2 1 2 2 2 1 2 1 0 2 1 1 0 2 1
 2 0 1 1 1 1 1 1 0 2 1 0 1 2 1 1 1 2 1 1 2 2 2 0 1 2 0 2 2 0 1 0 1 2 1 2 2
 2 1 0 2 1 1 2 2 2 1 2 2 2 2 2 1 2 2 2 1 0 2 2 1 2 2 1 2 2 1 2 1 2 2 2 1 1
 2 1 2 1 2 1 2 2 2 0 0 0 2 2 2 2 1 1 1 2 2 1 0 2 1 2 2 2 0 1 2 0 1 1 2 2 2
 1 1 2 0 2 1 1 1 2 2 2 2 2 1 2 2 1 2 2 1 0 2 1 1 0 1 2 1 1 1 0 1 2 0 1 1 0
 2 2 2 2 1 2 1 2 1 2 2 1 0 0 2 2 1 2 1 1 2 1 1 2 1 2 1 1 2 0 2 2 2 2 1 1 2
 1 0 2 1 2 2 1 1 2 2 0 1 2 1 2 1 2 0 2 1 2 1 1 0 2 2 0 2 1]
[2, 2, 1, 0, 0, 2, 1, 2, 0, 0, 1, 0, 2, 2, 1, 1, 2, 0, 1, 2, 2, 1, 2, 1, 2, 1, 1, 2, 2, 2, 2, 2, 1, 1, 2, 2, 1, 2, 2, 0, 2, 0, 2, 2, 2, 1, 1, 0, 1, 0, 0, 1, 1, 0, 1, 2, 2, 1, 0, 2, 2, 2, 2, 1, 1, 1, 2, 2, 2, 2, 0, 1, 0, 2, 2, 1, 0, 1, 2, 1, 2, 0, 2, 2, 2, 1, 2, 2, 2, 2, 0, 1, 0, 0, 2, 0, 1, 1, 1, 1, 1, 1, 2, 2, 2, 2, 2, 1, 2, 2, 2, 2, 1, 1, 2, 1, 2, 1, 0, 1, 0, 0, 2, 1, 1, 2, 2, 2, 1, 2, 2, 1, 2, 1, 0, 0, 1, 2, 1, 2, 2, 2, 2, 1, 1, 1, 2, 2, 1, 2, 2, 1, 2, 1, 1, 0, 1, 1, 2, 1, 2, 1, 1, 2, 2, 1, 1, 0, 1, 1, 2, 1, 2, 2, 2, 1, 1, 0, 2, 2, 2, 2, 0, 0, 2, 1, 2, 1, 1, 0, 1, 2, 0, 2, 2, 1, 0, 2, 1, 2, 2, 2, 2, 2, 2, 0, 1, 2, 1, 2, 1, 2, 1, 2, 0, 2, 1, 2, 2, 1, 2, 2, 2, 0, 1, 1, 0, 2, 2, 1, 2, 2, 1, 2, 2, 2, 1, 2, 1, 2, 1, 1, 2, 2, 2, 0, 2, 1, 0, 1, 2, 0, 2, 1, 1, 2, 0, 1, 2, 0, 2, 0, 1, 1, 2, 2, 2, 2, 1, 1, 2, 2, 2, 2, 1, 2, 2, 2, 2, 0, 2, 2, 0, 2, 1, 1, 2, 2, 1, 2, 1, 2, 2, 2, 2, 1, 2, 1, 2, 2, 2, 2, 1, 2, 2, 0, 0, 0, 2, 2, 2, 1, 2, 2, 1, 2, 2, 0, 1, 1, 2, 1, 2, 1, 0, 1, 2, 2, 1, 1, 2, 2, 1, 2, 1, 1, 1, 2, 2, 2, 1, 1, 1, 2, 2, 1, 1, 2, 2, 2, 2, 2, 1, 2, 2, 1, 1, 0, 2, 2, 1, 1, 2, 2, 2, 1, 0, 1, 1, 0, 1, 2, 2, 2, 2, 1, 1, 2, 1, 1, 2, 0, 0, 1, 2, 2, 0, 2, 1, 0, 2, 2, 2, 2, 1, 2, 2, 1, 2, 0, 1, 2, 2, 2, 1, 1, 1, 1, 0, 1, 1, 2, 2, 2, 1, 1, 2, 1, 2, 2, 2, 2, 1, 1, 1, 1, 1, 1, 1, 0, 2, 1, 2, 0, 2, 1]
